  3.90708e+00  8.00000e-02   2.52929e-01  -4.77863e-08
  3.79823e+00  9.43574e-02   2.72596e-01  -8.49244e-08
  3.69163e+00  1.11291e-01   2.93567e-01  -6.66043e-08
  3.58772e+00  1.31265e-01   3.15889e-01  -6.06912e-08
  3.48648e+00  1.54822e-01   3.39603e-01  -6.28600e-08
  3.38761e+00  1.82608e-01   3.64744e-01  -4.88290e-08
  3.29133e+00  2.15380e-01   3.91338e-01  -5.34388e-08
  3.19725e+00  2.54034e-01   4.19404e-01  -7.74413e-08
  3.10565e+00  2.99625e-01   4.48948e-01  -6.50954e-08
  3.01611e+00  3.53398e-01   4.79967e-01  -7.01541e-08
  2.92884e+00  4.16821e-01   5.12443e-01  -4.68198e-08
  2.84335e+00  4.91627e-01   5.46346e-01  -7.53952e-08
  2.75994e+00  5.79858e-01   5.81630e-01  -4.83551e-08
  2.67852e+00  6.83923e-01   6.18235e-01  -7.83289e-08
  2.59917e+00  8.06665e-01   6.56085e-01  -4.54423e-08
  2.52139e+00  9.51436e-01   6.95090e-01  -4.08062e-08
  2.44553e+00  1.12219e+00   7.35146e-01  -7.23178e-08
  2.37139e+00  1.32358e+00   7.76136e-01  -6.78984e-08
  2.29897e+00  1.56112e+00   8.17930e-01  -7.53344e-08
  2.22820e+00  1.84129e+00   8.60390e-01  -6.59686e-08
  2.15906e+00  2.17175e+00   9.03367e-01  -5.08474e-08
  2.09153e+00  2.56150e+00   9.46708e-01  -5.53373e-08
  2.02558e+00  3.02121e+00   9.90255e-01  -7.22145e-08
  1.96114e+00  3.56342e+00   1.03385e+00  -5.61228e-08
  1.89826e+00  4.20294e+00   1.07734e+00  -5.39368e-08
  1.83680e+00  4.95723e+00   1.12056e+00  -6.85419e-08
  1.77681e+00  5.84689e+00   1.16336e+00  -4.96995e-08
  1.71829e+00  6.89622e+00   1.20561e+00  -6.33660e-08
  1.66118e+00  8.13386e+00   1.24717e+00  -8.79008e-08
  1.60545e+00  9.59363e+00   1.28791e+00  -6.73202e-08
  1.55111e+00  1.13154e+01   1.32773e+00  -7.03036e-08
  1.49811e+00  1.33461e+01   1.36651e+00  -4.45440e-08
  1.44646e+00  1.57413e+01   1.40417e+00  -6.42645e-08
  1.39617e+00  1.85664e+01   1.44064e+00  -2.08962e-08
  1.34711e+00  2.18984e+01   1.47585e+00  -1.03808e-09
  1.29937e+00  2.58285e+01   1.50974e+00  -6.35347e-08
  1.25290e+00  3.04638e+01   1.54228e+00  -6.96887e-08
  1.20767e+00  3.59311e+01   1.57345e+00  -6.99822e-08
  1.16367e+00  4.23796e+01   1.60321e+00  -7.60834e-08
  1.12088e+00  4.99853e+01   1.63157e+00  -6.46978e-08
  1.07929e+00  5.89560e+01   1.65852e+00  -6.17047e-08
  1.03887e+00  6.95367e+01   1.68408e+00  -6.41313e-08
  9.99611e-01  8.20163e+01   1.70827e+00  -4.79952e-08
  9.61497e-01  9.67356e+01   1.73110e+00  -4.66887e-08
  9.24492e-01  1.14096e+02   1.75261e+00  -7.67654e-08
  8.88599e-01  1.34573e+02   1.77283e+00  -6.35395e-08
  8.53790e-01  1.58725e+02   1.79181e+00  -7.20115e-08
  8.20046e-01  1.87210e+02   1.80958e+00  -6.32343e-08
  7.87350e-01  2.20809e+02   1.82619e+00  -6.36372e-08
  7.55682e-01  2.60437e+02   1.84169e+00  -7.56780e-08
  7.25027e-01  3.07176e+02   1.85613e+00  -6.95904e-08
  6.95362e-01  3.62305e+02   1.86955e+00  -6.29054e-08
  6.66669e-01  4.27327e+02   1.88201e+00  -3.83015e-08
  6.38934e-01  5.04018e+02   1.89356e+00  -5.51171e-08
  6.12128e-01  5.94473e+02   1.90425e+00  -6.64041e-08
  5.86240e-01  7.01161e+02   1.91412e+00  -6.31270e-08
  5.61248e-01  8.26997e+02   1.92324e+00  -5.18006e-08
  5.37132e-01  9.75416e+02   1.93163e+00  -5.68856e-08
  5.13875e-01  1.15047e+03   1.93935e+00  -7.83090e-08
  4.91454e-01  1.35694e+03   1.94645e+00  -7.53412e-09
  4.69853e-01  1.60047e+03   1.95297e+00  -5.32264e-08
  4.49051e-01  1.88770e+03   1.95894e+00  -5.41808e-08
  4.29026e-01  2.22648e+03   1.96440e+00  -4.62834e-08
  4.09763e-01  2.62606e+03   1.96940e+00  -7.60873e-08
  3.91238e-01  3.09736e+03   1.97397e+00  -5.32142e-08
  3.73434e-01  3.65323e+03   1.97813e+00  -6.14222e-08
  3.56330e-01  4.30887e+03   1.98193e+00  -6.29441e-08
  3.39906e-01  5.08217e+03   1.98539e+00  -4.14471e-08
  3.24145e-01  5.99426e+03   1.98854e+00  -6.12624e-08
  3.09025e-01  7.07003e+03   1.99140e+00  -3.89495e-08
  2.94528e-01  8.33887e+03   1.99400e+00  -7.64552e-08
  2.80633e-01  9.83542e+03   1.99635e+00  -7.43074e-08
  2.67323e-01  1.16006e+04   1.99849e+00  -6.96339e-08
  2.54578e-01  1.36825e+04   2.00043e+00  -6.24612e-08
  2.42380e-01  1.61380e+04   2.00218e+00  -7.04160e-08
  2.30710e-01  1.90343e+04   2.00377e+00  -7.90829e-08
  2.19551e-01  2.24503e+04   2.00521e+00  -6.34415e-08
  2.08883e-01  2.64794e+04   2.00650e+00  -5.59820e-08
  1.98690e-01  3.12316e+04   2.00767e+00  -4.34769e-08
  1.88954e-01  3.68367e+04   2.00873e+00  -6.79750e-08
  1.79658e-01  4.34477e+04   2.00969e+00  -6.91423e-08
  1.70786e-01  5.12451e+04   2.01055e+00  -4.23228e-08
  1.62322e-01  6.04420e+04   2.01132e+00  -6.30916e-08
  1.54249e-01  7.12893e+04   2.01202e+00  -7.29744e-08
  1.46552e-01  8.40835e+04   2.01265e+00  -6.25155e-08
  1.39216e-01  9.91737e+04   2.01322e+00  -6.03792e-08
  1.32226e-01  1.16972e+05   2.01373e+00  -7.09590e-08
  1.25568e-01  1.37965e+05   2.01419e+00  -5.83392e-08
  1.19229e-01  1.62725e+05   2.01460e+00  -7.22712e-08
  1.13194e-01  1.91929e+05   2.01497e+00  -5.57740e-08
  1.07451e-01  2.26374e+05   2.01531e+00  -5.22997e-08
  1.01987e-01  2.67001e+05   2.01561e+00  -6.29790e-08
  9.67895e-02  3.14919e+05   2.01588e+00  -4.60984e-08
  9.18474e-02  3.71436e+05   2.01612e+00  -6.68353e-08
  8.71492e-02  4.38097e+05   2.01634e+00  -6.94684e-08
  8.26838e-02  5.16721e+05   2.01653e+00  -6.91859e-08
  7.84408e-02  6.09456e+05   2.01671e+00  -5.43990e-08
  7.44099e-02  7.18833e+05   2.01686e+00  -6.97570e-08
  7.05815e-02  8.47840e+05   2.01700e+00  -7.65884e-08
  6.69461e-02  1.00000e+06   2.01713e+00  -7.10567e-08
